gate_a_total_odd=128 gate_a_fails=0
Ecal(4,3)=40/3 expected=40/3 match=True
Ecal(5,2)=31/3 expected=31/3 match=True
Hm_cycle=[5, 7, 10, 5] match=True
Hm(5)=7 Hm(7)=10 Hm(10)=5
---PROBE---
Hp m<=12 (total_passes, nontrivial_q!=1, examples):
  m=1: 0 0 []
  m=2: 1 0 [((1, 0), 1, 1, 1, 1)]
  m=3: 0 0 []
  m=4: 1 0 [((1, 0, 1, 0), 2, 7, 7, 1)]
  m=5: 0 0 []
  m=6: 1 0 [((1, 0, 1, 0, 1, 0), 3, 37, 37, 1)]
  m=7: 0 0 []
  m=8: 1 0 [((1, 0, 1, 0, 1, 0, 1, 0), 4, 175, 175, 1)]
  m=9: 0 0 []
  m=10: 1 0 [((1, 0, 1, 0, 1, 0, 1, 0, 1, 0), 5, 781, 781, 1)]
  m=11: 0 0 []
  m=12: 1 0 [((1, 0, 1, 0, 1, 0, 1, 0, 1, 0, 1, 0), 6, 3367, 3367, 1)]
Hm m<=6 (total_passes, examples):
  m=1: 1 [((1,), 1, 1, -1, 1)]
  m=2: 1 [((1, 1), 2, 5, -5, 1)]
  m=3: 3 [((1, 1, 1), 3, 19, -19, 1), ((1, 1, 0), 2, 5, -1, 5), ((1, 0, 1), 2, 7, -1, 7)]
  m=4: 1 [((1, 1, 1, 1), 4, 65, -65, 1)]
  m=5: 1 [((1, 1, 1, 1, 1), 5, 211, -211, 1)]
  m=6: 3 [((1, 1, 1, 1, 1, 1), 6, 665, -665, 1), ((1, 1, 0, 1, 1, 0), 4, 85, -17, 5), ((1, 0, 1, 1, 0, 1), 4, 119, -17, 7)]
F5 witness w=(1, 1, 0, 0, 0) B=7 D=7 q=1 selfconsistent=True
F5 cycle seq=[1, 3, 8, 4, 2, 1] closed=True
